StartChar: Aacute
Encoding: 193 193 109
Width: 343
GlyphClass: 2
Flags: W
LayerCount: 2
Fore
Refer: 33 65 N 1 0 0 1 0 0 2
Refer: 104 180 N 0.737854 0 0 0.71344 133 280 2
EndChar
