StartChar: Aring
Encoding: 197 197 113
Width: 343
GlyphClass: 2
Flags: W
LayerCount: 2
Fore
Refer: 33 65 N 1 0 0 1 0 0 2
Refer: 79 111 S 0.334839 0 0 0.275757 152 577 2
EndChar
