StartChar: Atilde
Encoding: 195 195 111
Width: 343
GlyphClass: 2
Flags: W
LayerCount: 2
Fore
Refer: 33 65 N 1 0 0 1 0 0 2
Refer: 195 732 N 0.829773 0 0 0.77887 104 188 2
EndChar
