StartChar: Egrave
Encoding: 200 200 116
Width: 337
GlyphClass: 2
Flags: W
LayerCount: 2
Fore
Refer: 64 96 N 0.535706 0 0 0.529053 90 297 2
Refer: 37 69 N 1 0 0 1 0 0 2
EndChar
