StartChar: Iacute
Encoding: 205 205 121
Width: 144
GlyphClass: 2
Flags: W
LayerCount: 2
Fore
Refer: 41 73 N 1 0 0 1 0 0 2
Refer: 104 180 N 0.553406 0 0 0.555542 0 306 2
EndChar
