StartChar: Idieresis
Encoding: 207 207 123
AltUni2: 000407.ffffffff.0 0003aa.ffffffff.0
Width: 144
GlyphClass: 2
Flags: W
LayerCount: 2
Fore
Refer: 41 73 N 1 0 0 1 0 0 2
Refer: 98 168 S 0.738037 0 0 0.914917 -22 270 2
EndChar
