StartChar: Oslash
Encoding: 216 216 132
Width: 350
GlyphClass: 2
Flags: W
LayerCount: 2
Fore
Refer: 47 79 N 1 0 0 1 0 0 2
Refer: 15 47 N 1.13253 0 0 1.49582 -10.6988 -51.2535 2
EndChar
