StartChar: aacute
Encoding: 225 225 141
Width: 277
GlyphClass: 2
Flags: W
LayerCount: 2
Fore
Refer: 104 180 N 0.737854 0 0 0.71344 69 19 2
Refer: 65 97 N 1 0 0 1 0 0 2
EndChar
