StartChar: aogonek
Encoding: 261 261 172
Width: 277
GlyphClass: 2
Flags: W
LayerCount: 2
Fore
Refer: 293 731 S 0.876543 0 0 0.938144 152.543 36.299 2
Refer: 65 97 N 1 0 0 1 0 0 2
EndChar
