StartChar: aring
Encoding: 229 229 145
Width: 277
GlyphClass: 2
Flags: W
LayerCount: 2
Fore
Refer: 79 111 S 0.334839 0 0 0.275757 74 357 2
Refer: 65 97 N 1 0 0 1 0 0 2
EndChar
