StartChar: ccedilla
Encoding: 231 231 147
Width: 208
GlyphClass: 2
Flags: W
LayerCount: 2
Fore
Refer: 67 99 N 1 0 0 1 0 0 2
Refer: 105 184 N 0.530864 0 0 0.772727 47.8642 19.7727 2
EndChar
