StartChar: eacute
Encoding: 233 233 149
Width: 256
GlyphClass: 2
Flags: W
LayerCount: 2
Fore
Refer: 104 180 S 0.737854 0 0 0.71344 65 24 2
Refer: 69 101 N 1 0 0 1 0 0 2
EndChar
