StartChar: egrave
Encoding: 232 232 148
Width: 256
GlyphClass: 2
Flags: W
LayerCount: 2
Fore
Refer: 69 101 N 1 0 0 1 0 0 2
Refer: 64 96 N 0.57135 0 0 0.569702 58 12 2
EndChar
