StartChar: icircumflex
Encoding: 238 238 154
Width: 112
GlyphClass: 2
Flags: W
LayerCount: 2
Fore
Refer: 73 105 N 1 0 0 1 0 0 2
Refer: 194 710 N 0.84375 0 0 0.702087 -15 11 2
EndChar
