StartChar: ldot
Encoding: 320 320 394
Width: 400
LayerCount: 2
Fore
Refer: 301 183 S 1.07516 0 0 1.03774 103.046 -93.5121 2
Refer: 76 108 N 1 0 0 1 0 0 2
EndChar
