StartChar: sacute
Encoding: 347 347 184
Width: 192
GlyphClass: 2
Flags: W
LayerCount: 2
Fore
Refer: 104 180 N 0.892857 0 0 0.691489 8.42857 10.0638 2
Refer: 83 115 N 1 0 0 1 0 0 2
EndChar
