StartChar: scaron
Encoding: 353 353 186
Width: 192
GlyphClass: 2
Flags: W
LayerCount: 2
Fore
Refer: 292 711 N 0.681879 0 0 0.677778 23.3336 7.11175 2
Refer: 83 115 N 1 0 0 1 0 0 2
EndChar
