StartChar: zacute
Encoding: 378 378 189
Width: 254
GlyphClass: 2
Flags: W
LayerCount: 2
Fore
Refer: 90 122 S 1 0 0 1 0 0 2
Refer: 104 180 N 0.928571 0 0 0.765957 70.2857 -0.744681 2
EndChar
