StartChar: zcaron
Encoding: 382 382 193
Width: 264
GlyphClass: 2
Flags: W
LayerCount: 2
Fore
Refer: 292 711 N 0.69299 0 0 0.677778 45.6932 25.1118 2
Refer: 90 122 N 1 0 0 1 0 0 2
EndChar
