StartChar: Acircumflex
Encoding: 194 194 81
AltUni2: 0000e2.ffffffff.0
Width: 507
GlyphClass: 2
Flags: W
LayerCount: 2
Fore
Refer: 226 -1 N 1 0 0 1 0 0 2
Refer: 123 710 S 0.938144 0 0 0.57672 119 384 2
EndChar
