StartChar: Agrave
Encoding: 192 192 79
AltUni2: 0000e0.ffffffff.0
Width: 507
GlyphClass: 2
Flags: W
LayerCount: 2
Fore
Refer: 226 -1 N 1 0 0 1 0 0 2
Refer: 64 96 S 1.50746 0 0 1.50685 69 -400 2
EndChar
