StartChar: Cacute
Encoding: 262 262 112
AltUni2: 000107.ffffffff.0
Width: 532
GlyphClass: 2
Flags: W
LayerCount: 2
Fore
Refer: 228 -1 N 1 0 0 1 0 0 2
Refer: 76 180 S 1.00016 0 0 1.00001 204 -20 2
EndChar
