StartChar: Ccedilla
Encoding: 199 199 86
AltUni2: 0000e7.ffffffff.0
Width: 532
GlyphClass: 2
Flags: W
LayerCount: 2
Fore
Refer: 35 67 N 1 0 0 1 0 0 2
Refer: 77 184 N 1.20825 0 0 1.19995 229 -58 2
EndChar
