StartChar: Eacute
Encoding: 201 201 88
AltUni2: 0000e9.ffffffff.0
Width: 509
GlyphClass: 2
Flags: W
LayerCount: 2
Fore
Refer: 230 -1 S 1 0 0 1 0 0 2
Refer: 76 180 N 1.00016 0 0 1.00001 159 -21 2
EndChar
