StartChar: Egrave
Encoding: 200 200 87
AltUni2: 0000e8.ffffffff.0
Width: 509
GlyphClass: 2
Flags: W
LayerCount: 2
Fore
Refer: 230 -1 N 1 0 0 1 0 0 2
Refer: 64 96 S 1.50746 0 0 1.50685 95 -402 2
EndChar
