StartChar: Icircumflex
Encoding: 206 206 93
AltUni2: 0000ee.ffffffff.0
Width: 221
GlyphClass: 2
Flags: W
LayerCount: 2
Fore
Refer: 234 -1 S 1 0 0 1 0 0 2
Refer: 123 710 N 0.721649 0 0 0.444444 2 462 2
EndChar
