StartChar: Idieresis
Encoding: 207 207 94
AltUni2: 0000ef.ffffffff.0 0003aa.ffffffff.0 0003ca.ffffffff.0 000407.ffffffff.0 000457.ffffffff.0
Width: 221
GlyphClass: 2
Flags: W
LayerCount: 2
Fore
Refer: 234 -1 S 1 0 0 1 0 0 2
Refer: 72 168 N 0.848511 0 0 0.802734 1 313 0
EndChar
