StartChar: Oacute
Encoding: 211 211 98
AltUni2: 0000f3.ffffffff.0
Width: 654
GlyphClass: 2
Flags: W
LayerCount: 2
Fore
Refer: 240 -1 N 1 0 0 1 0 0 2
Refer: 76 180 S 1.10017 0 0 0.845462 203 102 2
EndChar
