StartChar: Ocircumflex
Encoding: 212 212 99
AltUni2: 0000f4.ffffffff.0
Width: 654
GlyphClass: 2
Flags: W
LayerCount: 2
Fore
Refer: 240 -1 S 1 0 0 1 0 0 2
Refer: 62 94 N 1.10976 0 0 0.68125 193 346 2
EndChar
