StartChar: Odieresis
Encoding: 214 214 101
AltUni2: 0000f6.ffffffff.0
Width: 654
GlyphClass: 2
Flags: W
LayerCount: 2
Fore
Refer: 240 -1 S 1 0 0 1 0 0 2
Refer: 72 168 N 1.14384 0 0 0.925101 215 239 2
EndChar
