StartChar: Ohungarumlaut
Encoding: 336 336 211
AltUni2: 000151.ffffffff.0
Width: 654
Flags: W
LayerCount: 2
Fore
Refer: 240 -1 N 1 0 0 1 0 0 2
Refer: 210 733 N 1.01991 0 0 1.15457 159 -121 2
EndChar
