StartChar: Otilde
Encoding: 213 213 100
AltUni2: 0000f5.ffffffff.0
Width: 654
GlyphClass: 2
Flags: W
LayerCount: 2
Fore
Refer: 240 -1 S 1 0 0 1 0 0 2
Refer: 126 732 N 1.56592 0 0 1.44995 195 -35 2
EndChar
