StartChar: Ugrave
Encoding: 217 217 104
AltUni2: 0000f9.ffffffff.0
Width: 552
GlyphClass: 2
Flags: W
LayerCount: 2
Fore
Refer: 246 -1 N 1 0 0 1 0 0 2
Refer: 64 96 S 1.50659 0 0 1.50659 95 -380 2
EndChar
