StartChar: Zdotaccent
Encoding: 379 379 121
AltUni2: 00017c.ffffffff.0
Width: 523
GlyphClass: 2
Flags: W
LayerCount: 2
Fore
Refer: 251 -1 N 1 0 0 1 0 0 2
Refer: 188 729 S 1.37783 0 0 1.17838 212 -94 2
EndChar
