StartChar: uni040D
Encoding: 1037 1037 222
AltUni2: 00045d.ffffffff.0
Width: 563
Flags: W
LayerCount: 2
Fore
Refer: 271 -1 S 1 0 0 1 0 0 2
Refer: 64 96 N 1.50746 0 0 1.50685 134 -405 2
EndChar
